00000000000000000000000000000000000000000000000000000000000000000000000000000000
00000000000000000000000000000000000000000000000000000000000000000000000000000000
00000000000000000000000000000000000000000000000000000000000000000000000000000000
00000000000000000000000000000000000000000000000000000000000000000000000000000000
00000000111111100000000000111000000000000000000000000000000000000000000000000000
00000000000000011000000011001000000000000000000000000000000000000000000000000000
00000000000000001000000100001000000000000000000000000000000000000000000000000000
00000000000000001000000000001000000000000000000000000000000000000000000000000000
00000000000001110000000000001000000000000000000000000000000000000000000000000000
00000000000110000000000000001000000000000000000000000000000000000000000000000000
00000000011000000000000000001000000000000000000000000000000000000000000000000000
00000000111111111000000000111110000000000000000000000000000000000000000000000000
00000000000000000000000000000000000000000000000000000000000000000000000000000000
00000000000000000000000000000000000000000000000000000000000000000000000000000000
00000000000111110000000001111100000100000000000011100000001110000001000000000000
00000000001000000000000010000000000100000000000100010000100001000001000000000000
00000000010000000000000010000000000100000000001000001000100000100001000000000000
00000000010000000000000010000000000100000000001000001000100000100001000000000000
00000000001111110000000010000000000111111100001000001000100000100001000000000000
00000000000000001000000010000000000100000100001000001000100000100001000000000000
00000000000000001000000010000000000100000100001000001000100000100001000000000000
00000000000000010000000010000000000100000100000100010000010001000001000000000000
00000000001111100000000000111110000100000100000011100000001110000001111111100000
00000000000000000000000000000000000000000000000000000000000000000000000000000000
00000000000000000000000000000000000000000000000000000000000000000000000000000000